286,3257,29140 
5588,5606 
8246,12912 
20804,60280,60330 
64000,199599 
24811,44436 
29002,50299 
39154,47761 
32847,328858 
22222,265153 
21204,49619 
9790,17152,24940,40994,133950,264409 
3170,60945 
8903,12541 
20965,21320 
4589,5607 
2152,2153 
209,3910 
24489,24490 
2721,2722 
5000,39878 
22822,38622 
8772,29632 
8220,15404 
64222,267062 
2195,131267 
3223,22233 
6696,49964 
7578,61138,137409 
23918,38561 
52981,264460 
3215,25186 
15074,59239 
4,119,13335 
994,196925 
61512,265078 
4757,262901 
42473,47147 
64,264329 
45587,131314 
62081,201053 
10429,16885 
10133,131149 
917,57695,60068,65511,131477,140096 
8849,56630 
50509,50817 
6939,395915 
